{
  "camera_angle_x": 1.0458660123764534,
  "camera_angle_y": 0.62688960416290451,
  "fl_x": 1665.3282816646683,
  "fl_y": 1665.9982709822443,
  "k1": 0.090631093841251328,
  "k2": -0.13410549233739893,
  "k3": 0,
  "k4": 0,
  "p1": 0.0011233908811140926,
  "p2": 0.0027692974654273564,
  "is_fisheye": false,
  "cx": 968.95597315759755,
  "cy": 546.95333281387525,
  "w": 1920.0,
  "h": 1080.0,
  "aabb_scale": 32,
  "frames": [
    {
      "file_path": "images/0002.jpg",
      "sharpness": 50.131514241312942,
      "transform_matrix": [
        [
          0.83224294532290677,
          0.25901500247551906,
          0.49018660576057904,
          1.8647436879287662
        ],
        [
          0.38121676274432237,
          0.37462006428245542,
          -0.84518257627575255,
          -3.6998997415222497
        ],
        [
          -0.4025487048467562,
          0.89026458760401017,
          0.21303404492955733,
          0.96282149648987247
        ],
        [
          0.0,
          0.0,
          0.0,
          1.0
        ]
      ]
    },
    {
      "file_path": "images/0012.jpg",
      "sharpness": 28.123541594253361,
      "transform_matrix": [
        [
          0.21842278887817645,
          -0.058304920473195375,
          0.97411088771325793,
          3.93137902057195
        ],
        [
          0.97369291474140329,
          -0.053378169898661496,
          -0.22152399138926282,
          -0.99298804775633109
        ],
        [
          0.064912195165350087,
          0.99687075754152576,
          0.04511207922483261,
          0.24808642204609052
        ],
        [
          0.0,
          0.0,
          0.0,
          1.0
        ]
      ]
    },
    {
      "file_path": "images/0073.jpg",
      "sharpness": 8.872378442081402,
      "transform_matrix": [
        [
          0.77215679976541551,
          0.1656112553262174,
          0.6134710985038524,
          2.604103036298163
        ],
        [
          0.49263842439551842,
          0.45376548533808775,
          -0.74256600186472377,
          -2.943417920068498
        ],
        [
          -0.40134929848487777,
          0.87559682299359087,
          0.26879163711658682,
          1.2980594988563694
        ],
        [
          0.0,
          0.0,
          0.0,
          1.0
        ]
      ]
    },
    {
      "file_path": "images/0006.jpg",
      "sharpness": 42.553364670200047,
      "transform_matrix": [
        [
          0.68702545207082488,
          0.08376800905385301,
          0.72178871484683793,
          2.968284052906605
        ],
        [
          0.68031976132329275,
          0.27480444369254675,
          -0.67944649537709612,
          -2.8952677007703569
        ],
        [
          -0.25526662642340076,
          0.9578441618548339,
          0.13180861523289883,
          0.42225630651599771
        ],
        [
          0.0,
          0.0,
          0.0,
          1.0
        ]
      ]
    },
    {
      "file_path": "images/0010.jpg",
      "sharpness": 40.465715615644264,
      "transform_matrix": [
        [
          0.35794189268618359,
          -0.08893299978606721,
          0.929499071018095,
          3.7327393237177882
        ],
        [
          0.93361606380249784,
          0.017617804873597126,
          -0.35784166660932143,
          -1.3495524938114898
        ],
        [
          0.015448199596626161,
          0.995881787420111,
          0.0893354276238477,
          0.19642717066594875
        ],
        [
          0.0,
          0.0,
          0.0,
          1.0
        ]
      ]
    },
    {
      "file_path": "images/0071.jpg",
      "sharpness": 16.57711080339546,
      "transform_matrix": [
        [
          0.66775479281079619,
          0.013983568517686597,
          0.74424995566270569,
          2.8913334793533418
        ],
        [
          0.70172416684908112,
          0.32177299989096342,
          -0.63564560110292867,
          -2.1374006113848054
        ],
        [
          -0.24836813471829416,
          0.94671357673045786,
          0.20505285490664799,
          1.1183198130895058
        ],
        [
          0.0,
          0.0,
          0.0,
          1.0
        ]
      ]
    },
    {
      "file_path": "images/0015.jpg",
      "sharpness": 23.2416554707573,
      "transform_matrix": [
        [
          -0.060972532554597558,
          -0.13648226403087521,
          0.98876435104280658,
          3.98558321756196
        ],
        [
          0.96213349808731419,
          -0.27170341668891973,
          0.021826250667627833,
          -0.2250390555792563
        ],
        [
          0.26567175637210971,
          0.95265410563222508,
          0.14788060353816293,
          0.52975246777647289
        ],
        [
          0.0,
          0.0,
          0.0,
          1.0
        ]
      ]
    },
    {
      "file_path": "images/0016.jpg",
      "sharpness": 22.842518809209039,
      "transform_matrix": [
        [
          -0.14030753524596179,
          -0.16317892253091895,
          0.97656870460253287,
          3.9181303385525412
        ],
        [
          0.92540099095297124,
          -0.37232855880990251,
          0.070742139055659126,
          0.1428299636123182
        ],
        [
          0.35206079233487952,
          0.91364330214177014,
          0.20324643900104911,
          0.80480290455761716
        ],
        [
          0.0,
          0.0,
          0.0,
          1.0
        ]
      ]
    },
    {
      "file_path": "images/0013.jpg",
      "sharpness": 27.940263291427197,
      "transform_matrix": [
        [
          0.13956119700789446,
          -0.071464991444152276,
          0.98763122029522155,
          4.0234742660839151
        ],
        [
          0.98396877157678142,
          -0.10182826975375478,
          -0.14641195320398934,
          -0.73214540239132886
        ],
        [
          0.11103210730049662,
          0.992231706050179,
          0.056108044625970944,
          0.31137562298489907
        ],
        [
          0.0,
          0.0,
          0.0,
          1.0
        ]
      ]
    },
    {
      "file_path": "images/0072.jpg",
      "sharpness": 22.296681516734846,
      "transform_matrix": [
        [
          0.73810910760899728,
          0.11537347942203474,
          0.66474348851637544,
          2.7010232818963731
        ],
        [
          0.56752111881079159,
          0.42663445911107711,
          -0.70420367650497,
          -2.6429649495515388
        ],
        [
          -0.3648489070509614,
          0.89703511556506066,
          0.24942589376703733,
          1.15394241597774
        ],
        [
          0.0,
          0.0,
          0.0,
          1.0
        ]
      ]
    },
    {
      "file_path": "images/0008.jpg",
      "sharpness": 34.462826244796958,
      "transform_matrix": [
        [
          0.52083411635357979,
          -0.031165344755160647,
          0.85308882570497613,
          3.2853308782548631
        ],
        [
          0.84590065244753121,
          0.1532571003746411,
          -0.51084669654796477,
          -2.2681882106383942
        ],
        [
          -0.11482120637460005,
          0.98769478204824235,
          0.10618431191068077,
          0.30169621952110315
        ],
        [
          0.0,
          0.0,
          0.0,
          1.0
        ]
      ]
    },
    {
      "file_path": "images/0005.jpg",
      "sharpness": 34.994762249189087,
      "transform_matrix": [
        [
          0.741443521056778,
          0.13486192292386034,
          0.6573231829491667,
          2.6367078131631669
        ],
        [
          0.597905677452914,
          0.31186953648165994,
          -0.73840787718215517,
          -3.221882926557452
        ],
        [
          -0.30458218260391712,
          0.94050499944072519,
          0.150598937850914,
          0.59351457409826991
        ],
        [
          0.0,
          0.0,
          0.0,
          1.0
        ]
      ]
    },
    {
      "file_path": "images/0074.jpg",
      "sharpness": 35.592032010754238,
      "transform_matrix": [
        [
          0.81677059817850406,
          0.1693847452810332,
          0.55153839216452138,
          2.3792450308138715
        ],
        [
          0.426464962510661,
          0.46661498952162095,
          -0.7748535908833929,
          -3.0316835268302755
        ],
        [
          -0.3886044592024972,
          0.86808943066422373,
          0.308880745064477,
          1.3650446023235194
        ],
        [
          0.0,
          0.0,
          0.0,
          1.0
        ]
      ]
    },
    {
      "file_path": "images/0011.jpg",
      "sharpness": 29.617535632247922,
      "transform_matrix": [
        [
          0.29223795160456678,
          -0.063419965190495559,
          0.95424047685655244,
          3.8634507940136125
        ],
        [
          0.95559286634397367,
          -0.0202174304827967,
          -0.29399579809506182,
          -1.130481707221435
        ],
        [
          0.037937493786058943,
          0.99778212227644392,
          0.054695365848820468,
          0.26400022275512669
        ],
        [
          0.0,
          0.0,
          0.0,
          1.0
        ]
      ]
    },
    {
      "file_path": "images/0021.jpg",
      "sharpness": 13.529521647492412,
      "transform_matrix": [
        [
          -0.66530540296532159,
          0.11034482150057287,
          0.73837168226264949,
          2.9590607389922226
        ],
        [
          0.3027408775600024,
          -0.86417677339292753,
          0.40192843316038085,
          1.3671080756206411
        ],
        [
          0.6824343791555314,
          0.49094044924063729,
          0.54153558836016791,
          1.8181441993000846
        ],
        [
          0.0,
          0.0,
          0.0,
          1.0
        ]
      ]
    },
    {
      "file_path": "images/0003.jpg",
      "sharpness": 38.312688448760163,
      "transform_matrix": [
        [
          0.80951919418549445,
          0.22341479259501151,
          0.54292219028992816,
          2.219586743596718
        ],
        [
          0.44928250862502717,
          0.35953728545949981,
          -0.81784972202011963,
          -3.5571080584061896
        ],
        [
          -0.37792049653157961,
          0.90599049157621137,
          0.1906759751237877,
          0.80941911860805593
        ],
        [
          0.0,
          0.0,
          0.0,
          1.0
        ]
      ]
    },
    {
      "file_path": "images/0001.jpg",
      "sharpness": 41.385253571050605,
      "transform_matrix": [
        [
          0.8426664683844467,
          0.28216707634860927,
          0.45857928878175469,
          1.7676229166284174
        ],
        [
          0.33960190013761,
          0.38239419903596472,
          -0.85932835747864045,
          -3.6888981292098633
        ],
        [
          -0.41783223008138215,
          0.87986159001317077,
          0.22640629394807388,
          1.0201323781304907
        ],
        [
          0.0,
          0.0,
          0.0,
          1.0
        ]
      ]
    },
    {
      "file_path": "images/0017.jpg",
      "sharpness": 32.566040105623237,
      "transform_matrix": [
        [
          -0.23800764168584709,
          -0.20237987386000283,
          0.9499446032110338,
          3.6880982692396964
        ],
        [
          0.8709752010038786,
          -0.47730690258653508,
          0.11653462995981717,
          0.58529078501967335
        ],
        [
          0.42983085247586372,
          0.85511432417574873,
          0.28987054155935316,
          1.0723818080880059
        ],
        [
          0.0,
          0.0,
          0.0,
          1.0
        ]
      ]
    },
    {
      "file_path": "images/0004.jpg",
      "sharpness": 43.095366983033415,
      "transform_matrix": [
        [
          0.781824326916035,
          0.18043267893609893,
          0.5968205511110094,
          2.5117722637471136
        ],
        [
          0.52055492394169967,
          0.33796622055082193,
          -0.78409272725042845,
          -3.3845598783730484
        ],
        [
          -0.34318113731815314,
          0.92370064531275931,
          0.1703050934423245,
          0.63924333193908978
        ],
        [
          0.0,
          0.0,
          0.0,
          1.0
        ]
      ]
    },
    {
      "file_path": "images/0009.jpg",
      "sharpness": 38.2459382272635,
      "transform_matrix": [
        [
          0.43083266149364885,
          -0.079657747368313686,
          0.89890926187726117,
          3.6228131407062683
        ],
        [
          0.90189669744569012,
          0.072305799817008076,
          -0.42585703992038293,
          -1.6530488591313552
        ],
        [
          -0.031073540641956,
          0.99419641651515045,
          0.10299475945403383,
          0.16573992772613569
        ],
        [
          0.0,
          0.0,
          0.0,
          1.0
        ]
      ]
    },
    {
      "file_path": "images/0019.jpg",
      "sharpness": 33.8039940007716,
      "transform_matrix": [
        [
          -0.43452505192497204,
          -0.2147647002176486,
          0.87467942859326542,
          3.120586795492966
        ],
        [
          0.71734854632202294,
          -0.669760639800203,
          0.19191599324827971,
          1.0383397935459315
        ],
        [
          0.54460907295776217,
          0.71084232353059806,
          0.44508892228890096,
          1.5397989038810687
        ],
        [
          0.0,
          0.0,
          0.0,
          1.0
        ]
      ]
    },
    {
      "file_path": "images/0007.jpg",
      "sharpness": 37.950173729394962,
      "transform_matrix": [
        [
          0.62164538774055267,
          0.028292004544147875,
          0.78278769432968831,
          3.0647816145750508
        ],
        [
          0.759155789507483,
          0.22444048391997207,
          -0.61099014430300691,
          -2.8053902201226264
        ],
        [
          -0.19297538486100474,
          0.97407701526649582,
          0.11804435260464649,
          0.375778903370764
        ],
        [
          0.0,
          0.0,
          0.0,
          1.0
        ]
      ]
    },
    {
      "file_path": "images/0014.jpg",
      "sharpness": 41.192717261242436,
      "transform_matrix": [
        [
          0.045160479278676058,
          -0.10877958579714662,
          0.99303954243491166,
          3.9951931317086458
        ],
        [
          0.98240122030068866,
          -0.17551154753210657,
          -0.063902574556690711,
          -0.46762356670177485
        ],
        [
          0.18124120244497449,
          0.97844912918901628,
          0.098939012225428266,
          0.37117385548759513
        ],
        [
          0.0,
          0.0,
          0.0,
          1.0
        ]
      ]
    },
    {
      "file_path": "images/0020.jpg",
      "sharpness": 34.948270153555335,
      "transform_matrix": [
        [
          -0.58715638864393094,
          -0.069179541697507826,
          0.80651197529817076,
          3.1437247638036996
        ],
        [
          0.525768708552743,
          -0.79015600970886324,
          0.31499324663890416,
          1.1722606098254758
        ],
        [
          0.61547919574372623,
          0.60898905682856741,
          0.5003175874225243,
          1.7534891052639585
        ],
        [
          0.0,
          0.0,
          0.0,
          1.0
        ]
      ]
    },
    {
      "file_path": "images/0018.jpg",
      "sharpness": 29.865052068797819,
      "transform_matrix": [
        [
          -0.315249554376329,
          -0.21404367534498683,
          0.92455558163073848,
          3.4613112046602121
        ],
        [
          0.8087406539887082,
          -0.57033562168910446,
          0.14372137356284215,
          0.68887369907908369
        ],
        [
          0.49654433141247833,
          0.79303378470699348,
          0.35290387256308814,
          1.30383151010185
        ],
        [
          0.0,
          0.0,
          0.0,
          1.0
        ]
      ]
    },
    {
      "file_path": "images/0069.jpg",
      "sharpness": 11.99364149283206,
      "transform_matrix": [
        [
          0.35112649910857929,
          -0.17668314026718457,
          0.91950706880550781,
          3.3125188104941579
        ],
        [
          0.93529872758669319,
          0.020149826207112587,
          -0.35328497658251257,
          -1.2932407914722091
        ],
        [
          0.043891591439174649,
          0.98406150847583518,
          0.17232665421166876,
          1.0478870812195866
        ],
        [
          0.0,
          0.0,
          0.0,
          1.0
        ]
      ]
    },
    {
      "file_path": "images/0070.jpg",
      "sharpness": 18.759675900599266,
      "transform_matrix": [
        [
          0.52753925938646973,
          -0.08821168637749692,
          0.84493847598900973,
          3.2363202720368967
        ],
        [
          0.84387847572675523,
          0.16895264214451874,
          -0.50923876808216884,
          -1.6261638677748893
        ],
        [
          -0.097833777466579036,
          0.98166883576543862,
          0.16356909514983536,
          1.0598446751818289
        ],
        [
          0.0,
          0.0,
          0.0,
          1.0
        ]
      ]
    }
  ]
}